"line1" <-
structure(list(alpha = c(6.61243, 0.672596, 4.11865, 3.88728, 
1.72074, 2.43858, 3.29115, 1.74875, 3.57521, 2.29625, 2.99923, 
2.51809, 3.16544, 2.96628, 3.70633, 3.21535, 3.08246, 3.11762, 
3.15731, 3.61119, 2.54721, 2.89105, 3.42859, 3.02263, 2.30753, 
2.54558, 2.965, 2.32665, 1.41724, 2.40443, 3.54053, 3.19561, 
2.63671, 3.33648, 2.99346, 3.12709, 3.89079, 2.83608, 2.84453, 
2.51253, 2.62268, 2.90914, 3.16088, 2.80189, 3.58911, 2.75323, 
2.96665, 3.42518, 2.96303, 3.04753, 3.20288, 2.51596, 3.56812, 
2.96885, 3.0951, 3.74594, 3.89169, 2.42714, 3.31403, 2.93505, 
2.89724, 3.02398, 1.83347, 2.30026, 2.74477, 2.81781, 2.499, 
3.59491, 3.47186, 2.47138, 2.78252, 1.92433, 2.88167, 3.4719, 
2.94848, 2.95129, 2.90056, 3.22128, 2.58784, 2.62324, 2.95967, 
3.08716, 2.93876, 3.65103, 2.92575, 2.94865, 3.10198, 3.48178, 
2.45117, 2.40858, 3.22933, 3.03296, 2.94311, 3.10734, 3.18522, 
3.35777, 3.08793, 2.82724, 2.45661, 3.40386, 2.52051, 2.98149, 
3.61475, 3.94558, 3.86725, 3.17145, 2.74868, 2.99287, 3.53039, 
2.60739, 3.47234, 2.96328, 3.20501, 2.87337, 2.93144, 2.67185, 
2.92037, 3.72204, 2.50767, 4.19208, 2.09169, 3.00012, 3.73317, 
3.30466, 2.72664, 3.08244, 3.12155, 3.28932, 2.98284, 2.8646, 
3.32435, 3.28944, 2.92786, 3.05171, 2.9919, 2.39836, 2.41716, 
3.4367, 2.96408, 2.80739, 2.81226, 2.89994, 2.2823, 2.22068, 
3.57711, 3.24163, 3.38873, 3.0165, 3.08551, 3.26994, 4.0694, 
2.78719, 1.75104, 3.81863, 2.86346, 3.59844, 2.67537, 3.1733, 
2.55574, 2.99666, 2.76774, 3.0161, 3.65893, 1.57528, 2.59188, 
3.53675, 2.86816, 3.06269, 3.48059, 3.44674, 2.8951, 3.21122, 
3.4322, 3.28633, 2.96138, 2.64993, 2.82095, 3.08469, 3.34481, 
3.20257, 3.26378, 2.71576, 3.13787, 2.86529, 3.01955, 2.54131, 
3.09941, 2.92035, 2.79526, 2.95141, 2.6073, 2.94541, 2.38601, 
1.64596, 3.89852, 4.87039, 3.95041, 2.11122, 4.35138, 3.1035), 
    beta = c(-1.91539, 0.971767, 0.343076, 0.338505, 0.513406, 
    -1.08987, -0.558331, 1.2565, 0.343019, 0.299549, 0.371279, 
    0.673335, 0.880683, 1.02802, 0.757672, 0.780499, 0.777501, 
    0.855358, 0.839101, 0.413799, -0.0590038, 0.443205, 1.22977, 
    0.851286, 1.13123, 0.585523, 0.811061, 0.625041, 0.799616, 
    -0.178174, -0.107039, 0.738495, 1.01006, 0.951103, 0.793347, 
    0.47233, 0.541814, 0.179141, 0.746006, 1.08665, 1.12888, 
    0.73696, 0.702092, 0.974692, 1.15812, 0.876913, 1.0272, 1.10413, 
    0.849301, 0.534405, 0.985615, 1.0016, 1.25773, 0.891459, 
    0.937618, 1.23945, 0.622118, 1.05253, 0.97489, 0.583965, 
    0.463231, 0.945649, 0.919134, 0.73602, 0.756597, 1.05091, 
    0.649832, 1.47111, 1.52122, 1.09827, 0.607761, 0.494524, 
    -0.0512582, 1.82398, 1.67069, 0.641556, 0.717315, 0.861115, 
    0.798705, 1.03783, 0.812398, 0.529164, 0.349913, 0.775096, 
    0.686374, 0.493826, 0.73303, 1.14593, 0.918097, 0.678095, 
    0.95465, 0.621088, 0.838895, 0.840276, 0.677996, 0.626171, 
    0.789998, 0.880015, 0.77509, 0.172742, 0.979724, 1.19975, 
    0.284684, 0.920255, 1.04296, 0.732305, 0.890666, 0.809733, 
    0.762302, 0.735284, 0.594901, 1.20388, 0.971941, 0.88849, 
    0.629099, 0.619183, 0.570692, 0.408909, 0.435527, 1.13663, 
    1.35017, -0.033519, 0.0521491, -0.139596, 0.199398, 1.63147, 
    1.42637, 0.387208, 0.874667, 0.707523, 0.852897, 0.136279, 
    0.265497, 0.769331, 0.884007, 0.589568, 0.804506, 1.07019, 
    0.977171, 0.715242, 0.517219, 1.79579, 1.52666, 1.29875, 
    1.23048, 1.19739, 1.11898, 1.07208, 0.77946, 0.936284, 0.438173, 
    1.99036, 1.65461, 1.1169, 1.3593, 0.550395, 1.18573, 0.883162, 
    0.650459, 0.778762, 0.924599, 0.879357, 1.4064, 1.11023, 
    0.358145, 0.194705, 0.346069, 1.31176, 0.923462, 1.03551, 
    1.10353, 0.614258, 0.701221, 1.10367, 1.06931, 1.10605, 1.04705, 
    0.789667, 0.950727, 0.480715, 0.993555, 0.691193, 1.13551, 
    0.74359, 0.838278, 0.8597, 0.914423, 0.636802, 0.982158, 
    0.704815, 0.852524, 0.941598, 0.797223, 0.775075, 1.13315, 
    1.49057, 0.359799, 1.22364, 0.847377, 0.70545), sigma = c(13.178, 
    4.16494, 3.27271, 1.05139, 1.62373, 2.38989, 3.94648, 5.14074, 
    1.31675, 1.55704, 1.26665, 0.619456, 0.860225, 0.525621, 
    0.529507, 1.49481, 0.651588, 0.80556, 0.485774, 0.956971, 
    1.41611, 1.55959, 0.77739, 0.687431, 0.997003, 0.731846, 
    0.875896, 0.810639, 3.09093, 1.87544, 2.43598, 0.840766, 
    0.494622, 0.557661, 0.458571, 0.647148, 0.979082, 0.718855, 
    0.854257, 0.887726, 1.20383, 0.555464, 0.776673, 0.481084, 
    0.523362, 1.29079, 0.735724, 0.92358, 0.476913, 0.555605, 
    0.722134, 0.644274, 1.66698, 1.34688, 0.617373, 1.57766, 
    0.995029, 0.675204, 0.878802, 0.614241, 1.01571, 0.624625, 
    1.5546, 2.26983, 0.810304, 0.405616, 0.625367, 1.2282, 1.90608, 
    1.51064, 1.04843, 0.918879, 2.01822, 2.27912, 1.64382, 0.836362, 
    0.378934, 0.625339, 0.437177, 0.812778, 0.557106, 0.637946, 
    1.32318, 0.77249, 0.660371, 0.465728, 0.47118, 0.831768, 
    1.17471, 0.767097, 0.708972, 0.518181, 0.577575, 0.519581, 
    0.583559, 0.568154, 0.497843, 0.387924, 1.01528, 1.1148, 
    1.69296, 0.977962, 0.782272, 2.14825, 1.46497, 0.669122, 
    0.546642, 0.736645, 0.590125, 0.730078, 0.656575, 0.769117, 
    0.805397, 0.558388, 0.670113, 0.727059, 0.583918, 0.818031, 
    1.11927, 1.73744, 2.46407, 1.46394, 1.54897, 1.6472, 2.01081, 
    1.26921, 1.38048, 1.32823, 0.918319, 0.478637, 1.15104, 1.59897, 
    1.38437, 0.627966, 0.325276, 0.948445, 0.695224, 0.626832, 
    1.16575, 0.52686, 2.23089, 1.47994, 1.73064, 1.63112, 1.37146, 
    1.20003, 0.974929, 0.892923, 0.744977, 0.501191, 0.767172, 
    1.97745, 1.54898, 1.49433, 1.1169, 1.02179, 1.5217, 0.919313, 
    0.55917, 0.741909, 0.51553, 0.768463, 0.727259, 1.71417, 
    2.57819, 1.39114, 1.21941, 1.2741, 1.3946, 1.01247, 1.69799, 
    0.567821, 1.11343, 0.725716, 0.959033, 1.10884, 0.50706, 
    0.522992, 0.959252, 0.522762, 1.08201, 0.624041, 0.617031, 
    0.760281, 0.473357, 0.747991, 0.608578, 0.739108, 0.51261, 
    0.617702, 0.473795, 0.727293, 0.544638, 1.22159, 1.06557, 
    2.26786, 2.00183, 8.56739, 1.82563, 1.07738)), .Names = c("alpha", 
"beta", "sigma"), class = "data.frame", row.names = c("1", "2", 
"3", "4", "5", "6", "7", "8", "9", "10", "11", "12", "13", "14", 
"15", "16", "17", "18", "19", "20", "21", "22", "23", "24", "25", 
"26", "27", "28", "29", "30", "31", "32", "33", "34", "35", "36", 
"37", "38", "39", "40", "41", "42", "43", "44", "45", "46", "47", 
"48", "49", "50", "51", "52", "53", "54", "55", "56", "57", "58", 
"59", "60", "61", "62", "63", "64", "65", "66", "67", "68", "69", 
"70", "71", "72", "73", "74", "75", "76", "77", "78", "79", "80", 
"81", "82", "83", "84", "85", "86", "87", "88", "89", "90", "91", 
"92", "93", "94", "95", "96", "97", "98", "99", "100", "101", 
"102", "103", "104", "105", "106", "107", "108", "109", "110", 
"111", "112", "113", "114", "115", "116", "117", "118", "119", 
"120", "121", "122", "123", "124", "125", "126", "127", "128", 
"129", "130", "131", "132", "133", "134", "135", "136", "137", 
"138", "139", "140", "141", "142", "143", "144", "145", "146", 
"147", "148", "149", "150", "151", "152", "153", "154", "155", 
"156", "157", "158", "159", "160", "161", "162", "163", "164", 
"165", "166", "167", "168", "169", "170", "171", "172", "173", 
"174", "175", "176", "177", "178", "179", "180", "181", "182", 
"183", "184", "185", "186", "187", "188", "189", "190", "191", 
"192", "193", "194", "195", "196", "197", "198", "199", "200"
))
